  ---------- --------- --------- ---------- ----------------
  10-j채rj.   2-j채rj.   8-j채rj.   16-j채rj.   2-komplementti
  0          0000      00        0          0
  1          0001      01        1          1
  2          0010      02        2          2
  3          0011      03        3          3
  4          0100      04        4          4
  5          0101      05        5          5
  6          0110      06        6          6
  7          0111      07        7          7
  8          1000      10        8          -8
  9          1001      11        9          -7
  10         1010      12        A          -6
  11         1011      13        B          -5
  12         1100      14        C          -4
  13         1101      15        D          -3
  14         1110      16        E          -2
  15         1111      17        F          -1
  ---------- --------- --------- ---------- ----------------

